# 8822E regulatory TX-power limit (array_mp_8822e_txpwr_lmt, all regions)
# fields: reg band bw rs ntx ch val  (reg: FCC=0 ETSI=1 MKK=2 WW13=3 IC=4 KCC=5 ACMA=6 CHILE=7 UKRAINE=8 MEXICO=9 CN=10 QATAR=11 UK=12; band 2.4G=0 5G=1; bw 20/40/80/160=0..3; rs CCK/OFDM/HT/VHT=0..3; ntx 1T/2T=0/1; val=power-index limit)
0 0 0 0 0 1 72
1 0 0 0 0 1 60
2 0 0 0 0 1 68
4 0 0 0 0 1 72
5 0 0 0 0 1 76
6 0 0 0 0 1 60
7 0 0 0 0 1 72
8 0 0 0 0 1 60
9 0 0 0 0 1 72
10 0 0 0 0 1 60
0 0 0 0 0 2 72
1 0 0 0 0 2 60
2 0 0 0 0 2 68
4 0 0 0 0 2 72
5 0 0 0 0 2 76
6 0 0 0 0 2 60
7 0 0 0 0 2 72
8 0 0 0 0 2 60
9 0 0 0 0 2 72
10 0 0 0 0 2 60
0 0 0 0 0 3 76
1 0 0 0 0 3 60
2 0 0 0 0 3 68
4 0 0 0 0 3 76
5 0 0 0 0 3 76
6 0 0 0 0 3 60
7 0 0 0 0 3 76
8 0 0 0 0 3 60
9 0 0 0 0 3 76
10 0 0 0 0 3 60
0 0 0 0 0 4 76
1 0 0 0 0 4 60
2 0 0 0 0 4 68
4 0 0 0 0 4 76
5 0 0 0 0 4 76
6 0 0 0 0 4 60
7 0 0 0 0 4 76
8 0 0 0 0 4 60
9 0 0 0 0 4 76
10 0 0 0 0 4 60
0 0 0 0 0 5 76
1 0 0 0 0 5 60
2 0 0 0 0 5 68
4 0 0 0 0 5 76
5 0 0 0 0 5 76
6 0 0 0 0 5 60
7 0 0 0 0 5 76
8 0 0 0 0 5 60
9 0 0 0 0 5 76
10 0 0 0 0 5 60
0 0 0 0 0 6 76
1 0 0 0 0 6 60
2 0 0 0 0 6 68
4 0 0 0 0 6 76
5 0 0 0 0 6 76
6 0 0 0 0 6 60
7 0 0 0 0 6 76
8 0 0 0 0 6 60
9 0 0 0 0 6 76
10 0 0 0 0 6 60
0 0 0 0 0 7 76
1 0 0 0 0 7 60
2 0 0 0 0 7 68
4 0 0 0 0 7 76
5 0 0 0 0 7 76
6 0 0 0 0 7 60
7 0 0 0 0 7 76
8 0 0 0 0 7 60
9 0 0 0 0 7 76
10 0 0 0 0 7 60
0 0 0 0 0 8 76
1 0 0 0 0 8 60
2 0 0 0 0 8 68
4 0 0 0 0 8 76
5 0 0 0 0 8 76
6 0 0 0 0 8 60
7 0 0 0 0 8 76
8 0 0 0 0 8 60
9 0 0 0 0 8 76
10 0 0 0 0 8 60
0 0 0 0 0 9 76
1 0 0 0 0 9 60
2 0 0 0 0 9 68
4 0 0 0 0 9 76
5 0 0 0 0 9 76
6 0 0 0 0 9 60
7 0 0 0 0 9 76
8 0 0 0 0 9 60
9 0 0 0 0 9 76
10 0 0 0 0 9 60
0 0 0 0 0 10 72
1 0 0 0 0 10 60
2 0 0 0 0 10 68
4 0 0 0 0 10 72
5 0 0 0 0 10 76
6 0 0 0 0 10 60
7 0 0 0 0 10 72
8 0 0 0 0 10 60
9 0 0 0 0 10 72
10 0 0 0 0 10 60
0 0 0 0 0 11 72
1 0 0 0 0 11 60
2 0 0 0 0 11 68
4 0 0 0 0 11 72
5 0 0 0 0 11 76
6 0 0 0 0 11 60
7 0 0 0 0 11 72
8 0 0 0 0 11 60
9 0 0 0 0 11 72
10 0 0 0 0 11 60
0 0 0 0 0 12 52
1 0 0 0 0 12 60
2 0 0 0 0 12 68
4 0 0 0 0 12 52
5 0 0 0 0 12 76
6 0 0 0 0 12 60
7 0 0 0 0 12 52
8 0 0 0 0 12 60
9 0 0 0 0 12 52
10 0 0 0 0 12 60
0 0 0 0 0 13 48
1 0 0 0 0 13 60
2 0 0 0 0 13 68
4 0 0 0 0 13 48
5 0 0 0 0 13 76
6 0 0 0 0 13 60
7 0 0 0 0 13 48
8 0 0 0 0 13 60
9 0 0 0 0 13 48
10 0 0 0 0 13 60
0 0 0 0 0 14 127
1 0 0 0 0 14 127
2 0 0 0 0 14 68
4 0 0 0 0 14 127
5 0 0 0 0 14 127
6 0 0 0 0 14 127
7 0 0 0 0 14 127
8 0 0 0 0 14 127
9 0 0 0 0 14 127
10 0 0 0 0 14 127
0 0 0 0 1 1 72
1 0 0 0 1 1 48
2 0 0 0 1 1 56
4 0 0 0 1 1 72
5 0 0 0 1 1 68
6 0 0 0 1 1 48
7 0 0 0 1 1 72
8 0 0 0 1 1 48
9 0 0 0 1 1 62
10 0 0 0 1 1 48
0 0 0 0 1 2 72
1 0 0 0 1 2 48
2 0 0 0 1 2 56
4 0 0 0 1 2 72
5 0 0 0 1 2 68
6 0 0 0 1 2 48
7 0 0 0 1 2 72
8 0 0 0 1 2 48
9 0 0 0 1 2 62
10 0 0 0 1 2 48
0 0 0 0 1 3 76
1 0 0 0 1 3 48
2 0 0 0 1 3 56
4 0 0 0 1 3 76
5 0 0 0 1 3 68
6 0 0 0 1 3 48
7 0 0 0 1 3 76
8 0 0 0 1 3 48
9 0 0 0 1 3 62
10 0 0 0 1 3 48
0 0 0 0 1 4 76
1 0 0 0 1 4 48
2 0 0 0 1 4 56
4 0 0 0 1 4 76
5 0 0 0 1 4 68
6 0 0 0 1 4 48
7 0 0 0 1 4 76
8 0 0 0 1 4 48
9 0 0 0 1 4 62
10 0 0 0 1 4 48
0 0 0 0 1 5 76
1 0 0 0 1 5 48
2 0 0 0 1 5 56
4 0 0 0 1 5 76
5 0 0 0 1 5 68
6 0 0 0 1 5 48
7 0 0 0 1 5 76
8 0 0 0 1 5 48
9 0 0 0 1 5 62
10 0 0 0 1 5 48
0 0 0 0 1 6 76
1 0 0 0 1 6 48
2 0 0 0 1 6 56
4 0 0 0 1 6 76
5 0 0 0 1 6 68
6 0 0 0 1 6 48
7 0 0 0 1 6 76
8 0 0 0 1 6 48
9 0 0 0 1 6 62
10 0 0 0 1 6 48
0 0 0 0 1 7 76
1 0 0 0 1 7 48
2 0 0 0 1 7 56
4 0 0 0 1 7 76
5 0 0 0 1 7 68
6 0 0 0 1 7 48
7 0 0 0 1 7 76
8 0 0 0 1 7 48
9 0 0 0 1 7 62
10 0 0 0 1 7 48
0 0 0 0 1 8 76
1 0 0 0 1 8 48
2 0 0 0 1 8 56
4 0 0 0 1 8 76
5 0 0 0 1 8 68
6 0 0 0 1 8 48
7 0 0 0 1 8 76
8 0 0 0 1 8 48
9 0 0 0 1 8 62
10 0 0 0 1 8 48
0 0 0 0 1 9 76
1 0 0 0 1 9 48
2 0 0 0 1 9 56
4 0 0 0 1 9 76
5 0 0 0 1 9 68
6 0 0 0 1 9 48
7 0 0 0 1 9 76
8 0 0 0 1 9 48
9 0 0 0 1 9 62
10 0 0 0 1 9 48
0 0 0 0 1 10 72
1 0 0 0 1 10 48
2 0 0 0 1 10 56
4 0 0 0 1 10 72
5 0 0 0 1 10 68
6 0 0 0 1 10 48
7 0 0 0 1 10 72
8 0 0 0 1 10 48
9 0 0 0 1 10 62
10 0 0 0 1 10 48
0 0 0 0 1 11 72
1 0 0 0 1 11 48
2 0 0 0 1 11 56
4 0 0 0 1 11 72
5 0 0 0 1 11 68
6 0 0 0 1 11 48
7 0 0 0 1 11 72
8 0 0 0 1 11 48
9 0 0 0 1 11 60
10 0 0 0 1 11 48
0 0 0 0 1 12 52
1 0 0 0 1 12 48
2 0 0 0 1 12 56
4 0 0 0 1 12 52
5 0 0 0 1 12 68
6 0 0 0 1 12 48
7 0 0 0 1 12 52
8 0 0 0 1 12 48
9 0 0 0 1 12 52
10 0 0 0 1 12 48
0 0 0 0 1 13 36
1 0 0 0 1 13 48
2 0 0 0 1 13 56
4 0 0 0 1 13 36
5 0 0 0 1 13 68
6 0 0 0 1 13 48
7 0 0 0 1 13 36
8 0 0 0 1 13 48
9 0 0 0 1 13 36
10 0 0 0 1 13 48
0 0 0 0 1 14 127
1 0 0 0 1 14 127
2 0 0 0 1 14 56
4 0 0 0 1 14 127
5 0 0 0 1 14 127
6 0 0 0 1 14 127
7 0 0 0 1 14 127
8 0 0 0 1 14 127
9 0 0 0 1 14 127
10 0 0 0 1 14 127
0 0 0 1 0 1 52
1 0 0 1 0 1 60
2 0 0 1 0 1 76
4 0 0 1 0 1 52
5 0 0 1 0 1 76
6 0 0 1 0 1 60
7 0 0 1 0 1 52
8 0 0 1 0 1 60
9 0 0 1 0 1 52
10 0 0 1 0 1 60
0 0 0 1 0 2 60
1 0 0 1 0 2 60
2 0 0 1 0 2 76
4 0 0 1 0 2 60
5 0 0 1 0 2 76
6 0 0 1 0 2 60
7 0 0 1 0 2 60
8 0 0 1 0 2 60
9 0 0 1 0 2 60
10 0 0 1 0 2 60
0 0 0 1 0 3 64
1 0 0 1 0 3 60
2 0 0 1 0 3 76
4 0 0 1 0 3 64
5 0 0 1 0 3 76
6 0 0 1 0 3 60
7 0 0 1 0 3 64
8 0 0 1 0 3 60
9 0 0 1 0 3 64
10 0 0 1 0 3 60
0 0 0 1 0 4 68
1 0 0 1 0 4 60
2 0 0 1 0 4 76
4 0 0 1 0 4 68
5 0 0 1 0 4 76
6 0 0 1 0 4 60
7 0 0 1 0 4 68
8 0 0 1 0 4 60
9 0 0 1 0 4 68
10 0 0 1 0 4 60
0 0 0 1 0 5 76
1 0 0 1 0 5 60
2 0 0 1 0 5 76
4 0 0 1 0 5 76
5 0 0 1 0 5 76
6 0 0 1 0 5 60
7 0 0 1 0 5 76
8 0 0 1 0 5 60
9 0 0 1 0 5 76
10 0 0 1 0 5 60
0 0 0 1 0 6 76
1 0 0 1 0 6 60
2 0 0 1 0 6 76
4 0 0 1 0 6 76
5 0 0 1 0 6 76
6 0 0 1 0 6 60
7 0 0 1 0 6 76
8 0 0 1 0 6 60
9 0 0 1 0 6 76
10 0 0 1 0 6 60
0 0 0 1 0 7 76
1 0 0 1 0 7 60
2 0 0 1 0 7 76
4 0 0 1 0 7 76
5 0 0 1 0 7 76
6 0 0 1 0 7 60
7 0 0 1 0 7 76
8 0 0 1 0 7 60
9 0 0 1 0 7 76
10 0 0 1 0 7 60
0 0 0 1 0 8 68
1 0 0 1 0 8 60
2 0 0 1 0 8 76
4 0 0 1 0 8 68
5 0 0 1 0 8 76
6 0 0 1 0 8 60
7 0 0 1 0 8 68
8 0 0 1 0 8 60
9 0 0 1 0 8 68
10 0 0 1 0 8 60
0 0 0 1 0 9 64
1 0 0 1 0 9 60
2 0 0 1 0 9 76
4 0 0 1 0 9 64
5 0 0 1 0 9 76
6 0 0 1 0 9 60
7 0 0 1 0 9 64
8 0 0 1 0 9 60
9 0 0 1 0 9 64
10 0 0 1 0 9 60
0 0 0 1 0 10 60
1 0 0 1 0 10 60
2 0 0 1 0 10 76
4 0 0 1 0 10 60
5 0 0 1 0 10 76
6 0 0 1 0 10 60
7 0 0 1 0 10 60
8 0 0 1 0 10 60
9 0 0 1 0 10 60
10 0 0 1 0 10 60
0 0 0 1 0 11 52
1 0 0 1 0 11 60
2 0 0 1 0 11 76
4 0 0 1 0 11 52
5 0 0 1 0 11 76
6 0 0 1 0 11 60
7 0 0 1 0 11 52
8 0 0 1 0 11 60
9 0 0 1 0 11 52
10 0 0 1 0 11 48
0 0 0 1 0 12 40
1 0 0 1 0 12 60
2 0 0 1 0 12 76
4 0 0 1 0 12 40
5 0 0 1 0 12 76
6 0 0 1 0 12 60
7 0 0 1 0 12 40
8 0 0 1 0 12 60
9 0 0 1 0 12 40
10 0 0 1 0 12 48
0 0 0 1 0 13 28
1 0 0 1 0 13 60
2 0 0 1 0 13 76
4 0 0 1 0 13 28
5 0 0 1 0 13 70
6 0 0 1 0 13 60
7 0 0 1 0 13 28
8 0 0 1 0 13 60
9 0 0 1 0 13 28
10 0 0 1 0 13 40
0 0 0 1 0 14 127
1 0 0 1 0 14 127
2 0 0 1 0 14 127
4 0 0 1 0 14 127
5 0 0 1 0 14 127
6 0 0 1 0 14 127
7 0 0 1 0 14 127
8 0 0 1 0 14 127
9 0 0 1 0 14 127
10 0 0 1 0 14 127
0 0 0 1 1 1 52
1 0 0 1 1 1 48
2 0 0 1 1 1 64
4 0 0 1 1 1 52
5 0 0 1 1 1 68
6 0 0 1 1 1 48
7 0 0 1 1 1 52
8 0 0 1 1 1 48
9 0 0 1 1 1 52
10 0 0 1 1 1 48
0 0 0 1 1 2 60
1 0 0 1 1 2 48
2 0 0 1 1 2 64
4 0 0 1 1 2 60
5 0 0 1 1 2 70
6 0 0 1 1 2 48
7 0 0 1 1 2 60
8 0 0 1 1 2 48
9 0 0 1 1 2 60
10 0 0 1 1 2 48
0 0 0 1 1 3 64
1 0 0 1 1 3 48
2 0 0 1 1 3 64
4 0 0 1 1 3 64
5 0 0 1 1 3 70
6 0 0 1 1 3 48
7 0 0 1 1 3 64
8 0 0 1 1 3 48
9 0 0 1 1 3 64
10 0 0 1 1 3 48
0 0 0 1 1 4 68
1 0 0 1 1 4 48
2 0 0 1 1 4 64
4 0 0 1 1 4 68
5 0 0 1 1 4 70
6 0 0 1 1 4 48
7 0 0 1 1 4 68
8 0 0 1 1 4 48
9 0 0 1 1 4 68
10 0 0 1 1 4 48
0 0 0 1 1 5 76
1 0 0 1 1 5 48
2 0 0 1 1 5 64
4 0 0 1 1 5 76
5 0 0 1 1 5 70
6 0 0 1 1 5 48
7 0 0 1 1 5 76
8 0 0 1 1 5 48
9 0 0 1 1 5 76
10 0 0 1 1 5 48
0 0 0 1 1 6 76
1 0 0 1 1 6 48
2 0 0 1 1 6 64
4 0 0 1 1 6 76
5 0 0 1 1 6 70
6 0 0 1 1 6 48
7 0 0 1 1 6 76
8 0 0 1 1 6 48
9 0 0 1 1 6 76
10 0 0 1 1 6 48
0 0 0 1 1 7 76
1 0 0 1 1 7 48
2 0 0 1 1 7 64
4 0 0 1 1 7 76
5 0 0 1 1 7 70
6 0 0 1 1 7 48
7 0 0 1 1 7 76
8 0 0 1 1 7 48
9 0 0 1 1 7 76
10 0 0 1 1 7 48
0 0 0 1 1 8 68
1 0 0 1 1 8 48
2 0 0 1 1 8 64
4 0 0 1 1 8 68
5 0 0 1 1 8 70
6 0 0 1 1 8 48
7 0 0 1 1 8 68
8 0 0 1 1 8 48
9 0 0 1 1 8 68
10 0 0 1 1 8 48
0 0 0 1 1 9 64
1 0 0 1 1 9 48
2 0 0 1 1 9 64
4 0 0 1 1 9 64
5 0 0 1 1 9 70
6 0 0 1 1 9 48
7 0 0 1 1 9 64
8 0 0 1 1 9 48
9 0 0 1 1 9 64
10 0 0 1 1 9 48
0 0 0 1 1 10 60
1 0 0 1 1 10 48
2 0 0 1 1 10 64
4 0 0 1 1 10 60
5 0 0 1 1 10 70
6 0 0 1 1 10 48
7 0 0 1 1 10 60
8 0 0 1 1 10 48
9 0 0 1 1 10 60
10 0 0 1 1 10 48
0 0 0 1 1 11 52
1 0 0 1 1 11 48
2 0 0 1 1 11 64
4 0 0 1 1 11 52
5 0 0 1 1 11 70
6 0 0 1 1 11 48
7 0 0 1 1 11 52
8 0 0 1 1 11 48
9 0 0 1 1 11 52
10 0 0 1 1 11 36
0 0 0 1 1 12 40
1 0 0 1 1 12 48
2 0 0 1 1 12 64
4 0 0 1 1 12 40
5 0 0 1 1 12 70
6 0 0 1 1 12 48
7 0 0 1 1 12 40
8 0 0 1 1 12 48
9 0 0 1 1 12 40
10 0 0 1 1 12 36
0 0 0 1 1 13 28
1 0 0 1 1 13 48
2 0 0 1 1 13 64
4 0 0 1 1 13 28
5 0 0 1 1 13 62
6 0 0 1 1 13 48
7 0 0 1 1 13 28
8 0 0 1 1 13 48
9 0 0 1 1 13 28
10 0 0 1 1 13 28
0 0 0 1 1 14 127
1 0 0 1 1 14 127
2 0 0 1 1 14 127
4 0 0 1 1 14 127
5 0 0 1 1 14 127
6 0 0 1 1 14 127
7 0 0 1 1 14 127
8 0 0 1 1 14 127
9 0 0 1 1 14 127
10 0 0 1 1 14 127
0 0 0 2 0 1 52
1 0 0 2 0 1 60
2 0 0 2 0 1 76
4 0 0 2 0 1 52
5 0 0 2 0 1 76
6 0 0 2 0 1 60
7 0 0 2 0 1 52
8 0 0 2 0 1 60
9 0 0 2 0 1 52
10 0 0 2 0 1 60
0 0 0 2 0 2 60
1 0 0 2 0 2 60
2 0 0 2 0 2 76
4 0 0 2 0 2 60
5 0 0 2 0 2 76
6 0 0 2 0 2 60
7 0 0 2 0 2 60
8 0 0 2 0 2 60
9 0 0 2 0 2 60
10 0 0 2 0 2 60
0 0 0 2 0 3 64
1 0 0 2 0 3 60
2 0 0 2 0 3 76
4 0 0 2 0 3 64
5 0 0 2 0 3 76
6 0 0 2 0 3 60
7 0 0 2 0 3 64
8 0 0 2 0 3 60
9 0 0 2 0 3 64
10 0 0 2 0 3 60
0 0 0 2 0 4 68
1 0 0 2 0 4 60
2 0 0 2 0 4 76
4 0 0 2 0 4 68
5 0 0 2 0 4 76
6 0 0 2 0 4 60
7 0 0 2 0 4 68
8 0 0 2 0 4 60
9 0 0 2 0 4 68
10 0 0 2 0 4 60
0 0 0 2 0 5 76
1 0 0 2 0 5 60
2 0 0 2 0 5 76
4 0 0 2 0 5 76
5 0 0 2 0 5 76
6 0 0 2 0 5 60
7 0 0 2 0 5 76
8 0 0 2 0 5 60
9 0 0 2 0 5 76
10 0 0 2 0 5 60
0 0 0 2 0 6 76
1 0 0 2 0 6 60
2 0 0 2 0 6 76
4 0 0 2 0 6 76
5 0 0 2 0 6 76
6 0 0 2 0 6 60
7 0 0 2 0 6 76
8 0 0 2 0 6 60
9 0 0 2 0 6 76
10 0 0 2 0 6 60
0 0 0 2 0 7 76
1 0 0 2 0 7 60
2 0 0 2 0 7 76
4 0 0 2 0 7 76
5 0 0 2 0 7 76
6 0 0 2 0 7 60
7 0 0 2 0 7 76
8 0 0 2 0 7 60
9 0 0 2 0 7 76
10 0 0 2 0 7 60
0 0 0 2 0 8 68
1 0 0 2 0 8 60
2 0 0 2 0 8 76
4 0 0 2 0 8 68
5 0 0 2 0 8 76
6 0 0 2 0 8 60
7 0 0 2 0 8 68
8 0 0 2 0 8 60
9 0 0 2 0 8 68
10 0 0 2 0 8 60
0 0 0 2 0 9 64
1 0 0 2 0 9 60
2 0 0 2 0 9 76
4 0 0 2 0 9 64
5 0 0 2 0 9 76
6 0 0 2 0 9 60
7 0 0 2 0 9 64
8 0 0 2 0 9 60
9 0 0 2 0 9 64
10 0 0 2 0 9 60
0 0 0 2 0 10 60
1 0 0 2 0 10 60
2 0 0 2 0 10 76
4 0 0 2 0 10 60
5 0 0 2 0 10 76
6 0 0 2 0 10 60
7 0 0 2 0 10 60
8 0 0 2 0 10 60
9 0 0 2 0 10 60
10 0 0 2 0 10 60
0 0 0 2 0 11 52
1 0 0 2 0 11 60
2 0 0 2 0 11 76
4 0 0 2 0 11 52
5 0 0 2 0 11 76
6 0 0 2 0 11 60
7 0 0 2 0 11 52
8 0 0 2 0 11 60
9 0 0 2 0 11 52
10 0 0 2 0 11 48
0 0 0 2 0 12 40
1 0 0 2 0 12 60
2 0 0 2 0 12 76
4 0 0 2 0 12 40
5 0 0 2 0 12 76
6 0 0 2 0 12 60
7 0 0 2 0 12 40
8 0 0 2 0 12 60
9 0 0 2 0 12 40
10 0 0 2 0 12 48
0 0 0 2 0 13 28
1 0 0 2 0 13 60
2 0 0 2 0 13 76
4 0 0 2 0 13 28
5 0 0 2 0 13 72
6 0 0 2 0 13 60
7 0 0 2 0 13 28
8 0 0 2 0 13 60
9 0 0 2 0 13 28
10 0 0 2 0 13 40
0 0 0 2 0 14 127
1 0 0 2 0 14 127
2 0 0 2 0 14 127
4 0 0 2 0 14 127
5 0 0 2 0 14 127
6 0 0 2 0 14 127
7 0 0 2 0 14 127
8 0 0 2 0 14 127
9 0 0 2 0 14 127
10 0 0 2 0 14 127
0 0 0 2 1 1 52
1 0 0 2 1 1 36
2 0 0 2 1 1 66
4 0 0 2 1 1 52
5 0 0 2 1 1 68
6 0 0 2 1 1 36
7 0 0 2 1 1 52
8 0 0 2 1 1 36
9 0 0 2 1 1 52
10 0 0 2 1 1 36
0 0 0 2 1 2 60
1 0 0 2 1 2 36
2 0 0 2 1 2 66
4 0 0 2 1 2 60
5 0 0 2 1 2 70
6 0 0 2 1 2 36
7 0 0 2 1 2 60
8 0 0 2 1 2 36
9 0 0 2 1 2 60
10 0 0 2 1 2 36
0 0 0 2 1 3 64
1 0 0 2 1 3 36
2 0 0 2 1 3 66
4 0 0 2 1 3 64
5 0 0 2 1 3 70
6 0 0 2 1 3 36
7 0 0 2 1 3 64
8 0 0 2 1 3 36
9 0 0 2 1 3 64
10 0 0 2 1 3 36
0 0 0 2 1 4 68
1 0 0 2 1 4 36
2 0 0 2 1 4 66
4 0 0 2 1 4 68
5 0 0 2 1 4 70
6 0 0 2 1 4 36
7 0 0 2 1 4 68
8 0 0 2 1 4 36
9 0 0 2 1 4 68
10 0 0 2 1 4 36
0 0 0 2 1 5 76
1 0 0 2 1 5 36
2 0 0 2 1 5 66
4 0 0 2 1 5 76
5 0 0 2 1 5 70
6 0 0 2 1 5 36
7 0 0 2 1 5 76
8 0 0 2 1 5 36
9 0 0 2 1 5 76
10 0 0 2 1 5 36
0 0 0 2 1 6 76
1 0 0 2 1 6 36
2 0 0 2 1 6 66
4 0 0 2 1 6 76
5 0 0 2 1 6 70
6 0 0 2 1 6 36
7 0 0 2 1 6 76
8 0 0 2 1 6 36
9 0 0 2 1 6 76
10 0 0 2 1 6 36
0 0 0 2 1 7 76
1 0 0 2 1 7 36
2 0 0 2 1 7 66
4 0 0 2 1 7 76
5 0 0 2 1 7 70
6 0 0 2 1 7 36
7 0 0 2 1 7 76
8 0 0 2 1 7 36
9 0 0 2 1 7 76
10 0 0 2 1 7 36
0 0 0 2 1 8 68
1 0 0 2 1 8 36
2 0 0 2 1 8 66
4 0 0 2 1 8 68
5 0 0 2 1 8 70
6 0 0 2 1 8 36
7 0 0 2 1 8 68
8 0 0 2 1 8 36
9 0 0 2 1 8 68
10 0 0 2 1 8 36
0 0 0 2 1 9 64
1 0 0 2 1 9 36
2 0 0 2 1 9 66
4 0 0 2 1 9 64
5 0 0 2 1 9 70
6 0 0 2 1 9 36
7 0 0 2 1 9 64
8 0 0 2 1 9 36
9 0 0 2 1 9 64
10 0 0 2 1 9 36
0 0 0 2 1 10 60
1 0 0 2 1 10 36
2 0 0 2 1 10 66
4 0 0 2 1 10 60
5 0 0 2 1 10 70
6 0 0 2 1 10 36
7 0 0 2 1 10 60
8 0 0 2 1 10 36
9 0 0 2 1 10 60
10 0 0 2 1 10 36
0 0 0 2 1 11 52
1 0 0 2 1 11 36
2 0 0 2 1 11 66
4 0 0 2 1 11 52
5 0 0 2 1 11 70
6 0 0 2 1 11 36
7 0 0 2 1 11 52
8 0 0 2 1 11 36
9 0 0 2 1 11 52
10 0 0 2 1 11 36
0 0 0 2 1 12 40
1 0 0 2 1 12 36
2 0 0 2 1 12 66
4 0 0 2 1 12 40
5 0 0 2 1 12 70
6 0 0 2 1 12 36
7 0 0 2 1 12 40
8 0 0 2 1 12 36
9 0 0 2 1 12 40
10 0 0 2 1 12 36
0 0 0 2 1 13 28
1 0 0 2 1 13 36
2 0 0 2 1 13 66
4 0 0 2 1 13 28
5 0 0 2 1 13 62
6 0 0 2 1 13 36
7 0 0 2 1 13 28
8 0 0 2 1 13 36
9 0 0 2 1 13 28
10 0 0 2 1 13 28
0 0 0 2 1 14 127
1 0 0 2 1 14 127
2 0 0 2 1 14 127
4 0 0 2 1 14 127
5 0 0 2 1 14 127
6 0 0 2 1 14 127
7 0 0 2 1 14 127
8 0 0 2 1 14 127
9 0 0 2 1 14 127
10 0 0 2 1 14 127
0 0 1 2 0 1 127
1 0 1 2 0 1 127
2 0 1 2 0 1 127
4 0 1 2 0 1 127
5 0 1 2 0 1 127
6 0 1 2 0 1 127
7 0 1 2 0 1 127
8 0 1 2 0 1 127
9 0 1 2 0 1 127
10 0 1 2 0 1 127
0 0 1 2 0 2 127
1 0 1 2 0 2 127
2 0 1 2 0 2 127
4 0 1 2 0 2 127
5 0 1 2 0 2 127
6 0 1 2 0 2 127
7 0 1 2 0 2 127
8 0 1 2 0 2 127
9 0 1 2 0 2 127
10 0 1 2 0 2 127
0 0 1 2 0 3 52
1 0 1 2 0 3 60
2 0 1 2 0 3 72
4 0 1 2 0 3 52
5 0 1 2 0 3 72
6 0 1 2 0 3 60
7 0 1 2 0 3 52
8 0 1 2 0 3 60
9 0 1 2 0 3 52
10 0 1 2 0 3 60
0 0 1 2 0 4 52
1 0 1 2 0 4 60
2 0 1 2 0 4 72
4 0 1 2 0 4 52
5 0 1 2 0 4 72
6 0 1 2 0 4 60
7 0 1 2 0 4 52
8 0 1 2 0 4 60
9 0 1 2 0 4 52
10 0 1 2 0 4 60
0 0 1 2 0 5 60
1 0 1 2 0 5 60
2 0 1 2 0 5 72
4 0 1 2 0 5 60
5 0 1 2 0 5 72
6 0 1 2 0 5 60
7 0 1 2 0 5 60
8 0 1 2 0 5 60
9 0 1 2 0 5 60
10 0 1 2 0 5 60
0 0 1 2 0 6 64
1 0 1 2 0 6 60
2 0 1 2 0 6 72
4 0 1 2 0 6 64
5 0 1 2 0 6 72
6 0 1 2 0 6 60
7 0 1 2 0 6 64
8 0 1 2 0 6 60
9 0 1 2 0 6 64
10 0 1 2 0 6 60
0 0 1 2 0 7 60
1 0 1 2 0 7 60
2 0 1 2 0 7 72
4 0 1 2 0 7 60
5 0 1 2 0 7 72
6 0 1 2 0 7 60
7 0 1 2 0 7 60
8 0 1 2 0 7 60
9 0 1 2 0 7 60
10 0 1 2 0 7 60
0 0 1 2 0 8 52
1 0 1 2 0 8 60
2 0 1 2 0 8 72
4 0 1 2 0 8 52
5 0 1 2 0 8 72
6 0 1 2 0 8 60
7 0 1 2 0 8 52
8 0 1 2 0 8 60
9 0 1 2 0 8 52
10 0 1 2 0 8 60
0 0 1 2 0 9 52
1 0 1 2 0 9 60
2 0 1 2 0 9 72
4 0 1 2 0 9 52
5 0 1 2 0 9 72
6 0 1 2 0 9 60
7 0 1 2 0 9 52
8 0 1 2 0 9 60
9 0 1 2 0 9 52
10 0 1 2 0 9 44
0 0 1 2 0 10 40
1 0 1 2 0 10 60
2 0 1 2 0 10 72
4 0 1 2 0 10 40
5 0 1 2 0 10 72
6 0 1 2 0 10 60
7 0 1 2 0 10 40
8 0 1 2 0 10 60
9 0 1 2 0 10 40
10 0 1 2 0 10 44
0 0 1 2 0 11 28
1 0 1 2 0 11 60
2 0 1 2 0 11 72
4 0 1 2 0 11 28
5 0 1 2 0 11 70
6 0 1 2 0 11 60
7 0 1 2 0 11 28
8 0 1 2 0 11 60
9 0 1 2 0 11 28
10 0 1 2 0 11 20
0 0 1 2 0 12 127
1 0 1 2 0 12 127
2 0 1 2 0 12 127
4 0 1 2 0 12 127
5 0 1 2 0 12 127
6 0 1 2 0 12 127
7 0 1 2 0 12 127
8 0 1 2 0 12 127
9 0 1 2 0 12 127
10 0 1 2 0 12 127
0 0 1 2 0 13 127
1 0 1 2 0 13 127
2 0 1 2 0 13 127
4 0 1 2 0 13 127
5 0 1 2 0 13 127
6 0 1 2 0 13 127
7 0 1 2 0 13 127
8 0 1 2 0 13 127
9 0 1 2 0 13 127
10 0 1 2 0 13 127
0 0 1 2 0 14 127
1 0 1 2 0 14 127
2 0 1 2 0 14 127
4 0 1 2 0 14 127
5 0 1 2 0 14 127
6 0 1 2 0 14 127
7 0 1 2 0 14 127
8 0 1 2 0 14 127
9 0 1 2 0 14 127
10 0 1 2 0 14 127
0 0 1 2 1 1 127
1 0 1 2 1 1 127
2 0 1 2 1 1 127
4 0 1 2 1 1 127
5 0 1 2 1 1 127
6 0 1 2 1 1 127
7 0 1 2 1 1 127
8 0 1 2 1 1 127
9 0 1 2 1 1 127
10 0 1 2 1 1 127
0 0 1 2 1 2 127
1 0 1 2 1 2 127
2 0 1 2 1 2 127
4 0 1 2 1 2 127
5 0 1 2 1 2 127
6 0 1 2 1 2 127
7 0 1 2 1 2 127
8 0 1 2 1 2 127
9 0 1 2 1 2 127
10 0 1 2 1 2 127
0 0 1 2 1 3 48
1 0 1 2 1 3 36
2 0 1 2 1 3 66
4 0 1 2 1 3 48
5 0 1 2 1 3 66
6 0 1 2 1 3 36
7 0 1 2 1 3 48
8 0 1 2 1 3 36
9 0 1 2 1 3 48
10 0 1 2 1 3 36
0 0 1 2 1 4 48
1 0 1 2 1 4 36
2 0 1 2 1 4 66
4 0 1 2 1 4 48
5 0 1 2 1 4 70
6 0 1 2 1 4 36
7 0 1 2 1 4 48
8 0 1 2 1 4 36
9 0 1 2 1 4 48
10 0 1 2 1 4 36
0 0 1 2 1 5 60
1 0 1 2 1 5 36
2 0 1 2 1 5 66
4 0 1 2 1 5 60
5 0 1 2 1 5 70
6 0 1 2 1 5 36
7 0 1 2 1 5 60
8 0 1 2 1 5 36
9 0 1 2 1 5 60
10 0 1 2 1 5 36
0 0 1 2 1 6 64
1 0 1 2 1 6 36
2 0 1 2 1 6 66
4 0 1 2 1 6 64
5 0 1 2 1 6 70
6 0 1 2 1 6 36
7 0 1 2 1 6 64
8 0 1 2 1 6 36
9 0 1 2 1 6 64
10 0 1 2 1 6 36
0 0 1 2 1 7 60
1 0 1 2 1 7 36
2 0 1 2 1 7 66
4 0 1 2 1 7 60
5 0 1 2 1 7 70
6 0 1 2 1 7 36
7 0 1 2 1 7 60
8 0 1 2 1 7 36
9 0 1 2 1 7 60
10 0 1 2 1 7 36
0 0 1 2 1 8 52
1 0 1 2 1 8 36
2 0 1 2 1 8 66
4 0 1 2 1 8 52
5 0 1 2 1 8 70
6 0 1 2 1 8 36
7 0 1 2 1 8 52
8 0 1 2 1 8 36
9 0 1 2 1 8 52
10 0 1 2 1 8 36
0 0 1 2 1 9 52
1 0 1 2 1 9 36
2 0 1 2 1 9 66
4 0 1 2 1 9 52
5 0 1 2 1 9 70
6 0 1 2 1 9 36
7 0 1 2 1 9 52
8 0 1 2 1 9 36
9 0 1 2 1 9 52
10 0 1 2 1 9 32
0 0 1 2 1 10 40
1 0 1 2 1 10 36
2 0 1 2 1 10 66
4 0 1 2 1 10 40
5 0 1 2 1 10 70
6 0 1 2 1 10 36
7 0 1 2 1 10 40
8 0 1 2 1 10 36
9 0 1 2 1 10 40
10 0 1 2 1 10 32
0 0 1 2 1 11 26
1 0 1 2 1 11 36
2 0 1 2 1 11 66
4 0 1 2 1 11 26
5 0 1 2 1 11 66
6 0 1 2 1 11 36
7 0 1 2 1 11 26
8 0 1 2 1 11 36
9 0 1 2 1 11 26
10 0 1 2 1 11 8
0 0 1 2 1 12 127
1 0 1 2 1 12 127
2 0 1 2 1 12 127
4 0 1 2 1 12 127
5 0 1 2 1 12 127
6 0 1 2 1 12 127
7 0 1 2 1 12 127
8 0 1 2 1 12 127
9 0 1 2 1 12 127
10 0 1 2 1 12 127
0 0 1 2 1 13 127
1 0 1 2 1 13 127
2 0 1 2 1 13 127
4 0 1 2 1 13 127
5 0 1 2 1 13 127
6 0 1 2 1 13 127
7 0 1 2 1 13 127
8 0 1 2 1 13 127
9 0 1 2 1 13 127
10 0 1 2 1 13 127
0 0 1 2 1 14 127
1 0 1 2 1 14 127
2 0 1 2 1 14 127
4 0 1 2 1 14 127
5 0 1 2 1 14 127
6 0 1 2 1 14 127
7 0 1 2 1 14 127
8 0 1 2 1 14 127
9 0 1 2 1 14 127
10 0 1 2 1 14 127
0 1 0 1 0 36 72
1 1 0 1 0 36 62
2 1 0 1 0 36 60
4 1 0 1 0 36 62
5 1 0 1 0 36 76
6 1 0 1 0 36 62
7 1 0 1 0 36 64
8 1 0 1 0 36 54
9 1 0 1 0 36 62
10 1 0 1 0 36 62
0 1 0 1 0 40 76
1 1 0 1 0 40 62
2 1 0 1 0 40 62
4 1 0 1 0 40 62
5 1 0 1 0 40 76
6 1 0 1 0 40 62
7 1 0 1 0 40 64
8 1 0 1 0 40 54
9 1 0 1 0 40 62
10 1 0 1 0 40 62
0 1 0 1 0 44 76
1 1 0 1 0 44 62
2 1 0 1 0 44 62
4 1 0 1 0 44 62
5 1 0 1 0 44 76
6 1 0 1 0 44 62
7 1 0 1 0 44 64
8 1 0 1 0 44 54
9 1 0 1 0 44 62
10 1 0 1 0 44 62
0 1 0 1 0 48 76
1 1 0 1 0 48 62
2 1 0 1 0 48 62
4 1 0 1 0 48 62
5 1 0 1 0 48 54
6 1 0 1 0 48 62
7 1 0 1 0 48 64
8 1 0 1 0 48 54
9 1 0 1 0 48 62
10 1 0 1 0 48 62
0 1 0 1 0 52 76
1 1 0 1 0 52 62
2 1 0 1 0 52 62
4 1 0 1 0 52 64
5 1 0 1 0 52 76
6 1 0 1 0 52 62
7 1 0 1 0 52 76
8 1 0 1 0 52 54
9 1 0 1 0 52 76
10 1 0 1 0 52 62
0 1 0 1 0 56 76
1 1 0 1 0 56 62
2 1 0 1 0 56 62
4 1 0 1 0 56 64
5 1 0 1 0 56 76
6 1 0 1 0 56 62
7 1 0 1 0 56 76
8 1 0 1 0 56 54
9 1 0 1 0 56 76
10 1 0 1 0 56 62
0 1 0 1 0 60 76
1 1 0 1 0 60 62
2 1 0 1 0 60 62
4 1 0 1 0 60 64
5 1 0 1 0 60 76
6 1 0 1 0 60 62
7 1 0 1 0 60 76
8 1 0 1 0 60 54
9 1 0 1 0 60 76
10 1 0 1 0 60 62
0 1 0 1 0 64 72
1 1 0 1 0 64 62
2 1 0 1 0 64 60
4 1 0 1 0 64 64
5 1 0 1 0 64 76
6 1 0 1 0 64 62
7 1 0 1 0 64 74
8 1 0 1 0 64 54
9 1 0 1 0 64 74
10 1 0 1 0 64 62
0 1 0 1 0 100 72
1 1 0 1 0 100 62
2 1 0 1 0 100 76
4 1 0 1 0 100 72
5 1 0 1 0 100 76
6 1 0 1 0 100 62
7 1 0 1 0 100 72
8 1 0 1 0 100 54
9 1 0 1 0 100 72
10 1 0 1 0 100 127
0 1 0 1 0 104 76
1 1 0 1 0 104 62
2 1 0 1 0 104 76
4 1 0 1 0 104 76
5 1 0 1 0 104 76
6 1 0 1 0 104 62
7 1 0 1 0 104 76
8 1 0 1 0 104 54
9 1 0 1 0 104 76
10 1 0 1 0 104 127
0 1 0 1 0 108 76
1 1 0 1 0 108 62
2 1 0 1 0 108 76
4 1 0 1 0 108 76
5 1 0 1 0 108 76
6 1 0 1 0 108 62
7 1 0 1 0 108 76
8 1 0 1 0 108 54
9 1 0 1 0 108 76
10 1 0 1 0 108 127
0 1 0 1 0 112 76
1 1 0 1 0 112 62
2 1 0 1 0 112 76
4 1 0 1 0 112 76
5 1 0 1 0 112 76
6 1 0 1 0 112 62
7 1 0 1 0 112 76
8 1 0 1 0 112 54
9 1 0 1 0 112 76
10 1 0 1 0 112 127
0 1 0 1 0 116 76
1 1 0 1 0 116 62
2 1 0 1 0 116 76
4 1 0 1 0 116 76
5 1 0 1 0 116 76
6 1 0 1 0 116 62
7 1 0 1 0 116 76
8 1 0 1 0 116 54
9 1 0 1 0 116 76
10 1 0 1 0 116 127
0 1 0 1 0 120 76
1 1 0 1 0 120 62
2 1 0 1 0 120 76
4 1 0 1 0 120 127
5 1 0 1 0 120 76
6 1 0 1 0 120 127
7 1 0 1 0 120 76
8 1 0 1 0 120 54
9 1 0 1 0 120 76
10 1 0 1 0 120 127
0 1 0 1 0 124 76
1 1 0 1 0 124 62
2 1 0 1 0 124 76
4 1 0 1 0 124 127
5 1 0 1 0 124 76
6 1 0 1 0 124 127
7 1 0 1 0 124 76
8 1 0 1 0 124 54
9 1 0 1 0 124 76
10 1 0 1 0 124 127
0 1 0 1 0 128 76
1 1 0 1 0 128 62
2 1 0 1 0 128 76
4 1 0 1 0 128 127
5 1 0 1 0 128 76
6 1 0 1 0 128 127
7 1 0 1 0 128 76
8 1 0 1 0 128 54
9 1 0 1 0 128 76
10 1 0 1 0 128 127
0 1 0 1 0 132 76
1 1 0 1 0 132 62
2 1 0 1 0 132 76
4 1 0 1 0 132 76
5 1 0 1 0 132 76
6 1 0 1 0 132 62
7 1 0 1 0 132 76
8 1 0 1 0 132 54
9 1 0 1 0 132 76
10 1 0 1 0 132 127
0 1 0 1 0 136 76
1 1 0 1 0 136 62
2 1 0 1 0 136 76
4 1 0 1 0 136 76
5 1 0 1 0 136 76
6 1 0 1 0 136 62
7 1 0 1 0 136 76
8 1 0 1 0 136 54
9 1 0 1 0 136 76
10 1 0 1 0 136 127
0 1 0 1 0 140 72
1 1 0 1 0 140 62
2 1 0 1 0 140 76
4 1 0 1 0 140 72
5 1 0 1 0 140 76
6 1 0 1 0 140 62
7 1 0 1 0 140 72
8 1 0 1 0 140 54
9 1 0 1 0 140 72
10 1 0 1 0 140 127
0 1 0 1 0 144 76
1 1 0 1 0 144 127
2 1 0 1 0 144 127
4 1 0 1 0 144 76
5 1 0 1 0 144 76
6 1 0 1 0 144 127
7 1 0 1 0 144 76
8 1 0 1 0 144 127
9 1 0 1 0 144 76
10 1 0 1 0 144 127
0 1 0 1 0 149 76
1 1 0 1 0 149 -128
2 1 0 1 0 149 127
4 1 0 1 0 149 76
5 1 0 1 0 149 74
6 1 0 1 0 149 76
7 1 0 1 0 149 76
8 1 0 1 0 149 54
9 1 0 1 0 149 76
10 1 0 1 0 149 -128
0 1 0 1 0 153 76
1 1 0 1 0 153 -128
2 1 0 1 0 153 127
4 1 0 1 0 153 76
5 1 0 1 0 153 74
6 1 0 1 0 153 76
7 1 0 1 0 153 76
8 1 0 1 0 153 54
9 1 0 1 0 153 76
10 1 0 1 0 153 -128
0 1 0 1 0 157 76
1 1 0 1 0 157 -128
2 1 0 1 0 157 127
4 1 0 1 0 157 76
5 1 0 1 0 157 74
6 1 0 1 0 157 76
7 1 0 1 0 157 76
8 1 0 1 0 157 54
9 1 0 1 0 157 76
10 1 0 1 0 157 -128
0 1 0 1 0 161 76
1 1 0 1 0 161 -128
2 1 0 1 0 161 127
4 1 0 1 0 161 76
5 1 0 1 0 161 74
6 1 0 1 0 161 76
7 1 0 1 0 161 76
8 1 0 1 0 161 54
9 1 0 1 0 161 76
10 1 0 1 0 161 -128
0 1 0 1 0 165 76
1 1 0 1 0 165 -128
2 1 0 1 0 165 127
4 1 0 1 0 165 76
5 1 0 1 0 165 74
6 1 0 1 0 165 76
7 1 0 1 0 165 76
8 1 0 1 0 165 54
9 1 0 1 0 165 76
10 1 0 1 0 165 -128
0 1 0 1 1 36 64
1 1 0 1 1 36 50
2 1 0 1 1 36 48
4 1 0 1 1 36 40
5 1 0 1 1 36 66
6 1 0 1 1 36 50
7 1 0 1 1 36 52
8 1 0 1 1 36 42
9 1 0 1 1 36 50
10 1 0 1 1 36 50
0 1 0 1 1 40 68
1 1 0 1 1 40 50
2 1 0 1 1 40 50
4 1 0 1 1 40 40
5 1 0 1 1 40 66
6 1 0 1 1 40 50
7 1 0 1 1 40 52
8 1 0 1 1 40 42
9 1 0 1 1 40 50
10 1 0 1 1 40 50
0 1 0 1 1 44 68
1 1 0 1 1 44 50
2 1 0 1 1 44 50
4 1 0 1 1 44 40
5 1 0 1 1 44 66
6 1 0 1 1 44 50
7 1 0 1 1 44 52
8 1 0 1 1 44 42
9 1 0 1 1 44 50
10 1 0 1 1 44 50
0 1 0 1 1 48 68
1 1 0 1 1 48 50
2 1 0 1 1 48 50
4 1 0 1 1 48 40
5 1 0 1 1 48 36
6 1 0 1 1 48 50
7 1 0 1 1 48 52
8 1 0 1 1 48 42
9 1 0 1 1 48 50
10 1 0 1 1 48 50
0 1 0 1 1 52 68
1 1 0 1 1 52 50
2 1 0 1 1 52 50
4 1 0 1 1 52 52
5 1 0 1 1 52 66
6 1 0 1 1 52 50
7 1 0 1 1 52 68
8 1 0 1 1 52 42
9 1 0 1 1 52 68
10 1 0 1 1 52 50
0 1 0 1 1 56 68
1 1 0 1 1 56 50
2 1 0 1 1 56 50
4 1 0 1 1 56 52
5 1 0 1 1 56 66
6 1 0 1 1 56 50
7 1 0 1 1 56 68
8 1 0 1 1 56 42
9 1 0 1 1 56 68
10 1 0 1 1 56 50
0 1 0 1 1 60 66
1 1 0 1 1 60 50
2 1 0 1 1 60 50
4 1 0 1 1 60 52
5 1 0 1 1 60 66
6 1 0 1 1 60 50
7 1 0 1 1 60 66
8 1 0 1 1 60 42
9 1 0 1 1 60 66
10 1 0 1 1 60 50
0 1 0 1 1 64 68
1 1 0 1 1 64 50
2 1 0 1 1 64 48
4 1 0 1 1 64 52
5 1 0 1 1 64 66
6 1 0 1 1 64 50
7 1 0 1 1 64 68
8 1 0 1 1 64 42
9 1 0 1 1 64 68
10 1 0 1 1 64 50
0 1 0 1 1 100 60
1 1 0 1 1 100 50
2 1 0 1 1 100 70
4 1 0 1 1 100 60
5 1 0 1 1 100 66
6 1 0 1 1 100 50
7 1 0 1 1 100 60
8 1 0 1 1 100 42
9 1 0 1 1 100 60
10 1 0 1 1 100 127
0 1 0 1 1 104 68
1 1 0 1 1 104 50
2 1 0 1 1 104 70
4 1 0 1 1 104 68
5 1 0 1 1 104 66
6 1 0 1 1 104 50
7 1 0 1 1 104 68
8 1 0 1 1 104 42
9 1 0 1 1 104 68
10 1 0 1 1 104 127
0 1 0 1 1 108 68
1 1 0 1 1 108 50
2 1 0 1 1 108 70
4 1 0 1 1 108 68
5 1 0 1 1 108 66
6 1 0 1 1 108 50
7 1 0 1 1 108 68
8 1 0 1 1 108 42
9 1 0 1 1 108 68
10 1 0 1 1 108 127
0 1 0 1 1 112 68
1 1 0 1 1 112 50
2 1 0 1 1 112 70
4 1 0 1 1 112 68
5 1 0 1 1 112 66
6 1 0 1 1 112 50
7 1 0 1 1 112 68
8 1 0 1 1 112 42
9 1 0 1 1 112 68
10 1 0 1 1 112 127
0 1 0 1 1 116 68
1 1 0 1 1 116 50
2 1 0 1 1 116 70
4 1 0 1 1 116 68
5 1 0 1 1 116 66
6 1 0 1 1 116 50
7 1 0 1 1 116 68
8 1 0 1 1 116 42
9 1 0 1 1 116 68
10 1 0 1 1 116 127
0 1 0 1 1 120 68
1 1 0 1 1 120 50
2 1 0 1 1 120 70
4 1 0 1 1 120 127
5 1 0 1 1 120 66
6 1 0 1 1 120 127
7 1 0 1 1 120 68
8 1 0 1 1 120 42
9 1 0 1 1 120 68
10 1 0 1 1 120 127
0 1 0 1 1 124 68
1 1 0 1 1 124 50
2 1 0 1 1 124 70
4 1 0 1 1 124 127
5 1 0 1 1 124 66
6 1 0 1 1 124 127
7 1 0 1 1 124 68
8 1 0 1 1 124 42
9 1 0 1 1 124 68
10 1 0 1 1 124 127
0 1 0 1 1 128 68
1 1 0 1 1 128 50
2 1 0 1 1 128 70
4 1 0 1 1 128 127
5 1 0 1 1 128 66
6 1 0 1 1 128 127
7 1 0 1 1 128 68
8 1 0 1 1 128 42
9 1 0 1 1 128 68
10 1 0 1 1 128 127
0 1 0 1 1 132 68
1 1 0 1 1 132 50
2 1 0 1 1 132 70
4 1 0 1 1 132 68
5 1 0 1 1 132 66
6 1 0 1 1 132 50
7 1 0 1 1 132 68
8 1 0 1 1 132 42
9 1 0 1 1 132 68
10 1 0 1 1 132 127
0 1 0 1 1 136 68
1 1 0 1 1 136 50
2 1 0 1 1 136 70
4 1 0 1 1 136 68
5 1 0 1 1 136 66
6 1 0 1 1 136 50
7 1 0 1 1 136 68
8 1 0 1 1 136 42
9 1 0 1 1 136 68
10 1 0 1 1 136 127
0 1 0 1 1 140 60
1 1 0 1 1 140 50
2 1 0 1 1 140 70
4 1 0 1 1 140 60
5 1 0 1 1 140 66
6 1 0 1 1 140 50
7 1 0 1 1 140 60
8 1 0 1 1 140 42
9 1 0 1 1 140 60
10 1 0 1 1 140 127
0 1 0 1 1 144 68
1 1 0 1 1 144 127
2 1 0 1 1 144 127
4 1 0 1 1 144 68
5 1 0 1 1 144 66
6 1 0 1 1 144 127
7 1 0 1 1 144 68
8 1 0 1 1 144 127
9 1 0 1 1 144 68
10 1 0 1 1 144 127
0 1 0 1 1 149 76
1 1 0 1 1 149 -128
2 1 0 1 1 149 127
4 1 0 1 1 149 76
5 1 0 1 1 149 64
6 1 0 1 1 149 76
7 1 0 1 1 149 76
8 1 0 1 1 149 42
9 1 0 1 1 149 72
10 1 0 1 1 149 -128
0 1 0 1 1 153 76
1 1 0 1 1 153 -128
2 1 0 1 1 153 127
4 1 0 1 1 153 76
5 1 0 1 1 153 64
6 1 0 1 1 153 76
7 1 0 1 1 153 76
8 1 0 1 1 153 42
9 1 0 1 1 153 76
10 1 0 1 1 153 -128
0 1 0 1 1 157 76
1 1 0 1 1 157 -128
2 1 0 1 1 157 127
4 1 0 1 1 157 76
5 1 0 1 1 157 64
6 1 0 1 1 157 76
7 1 0 1 1 157 76
8 1 0 1 1 157 42
9 1 0 1 1 157 76
10 1 0 1 1 157 -128
0 1 0 1 1 161 76
1 1 0 1 1 161 -128
2 1 0 1 1 161 127
4 1 0 1 1 161 76
5 1 0 1 1 161 64
6 1 0 1 1 161 76
7 1 0 1 1 161 76
8 1 0 1 1 161 42
9 1 0 1 1 161 76
10 1 0 1 1 161 -128
0 1 0 1 1 165 76
1 1 0 1 1 165 -128
2 1 0 1 1 165 127
4 1 0 1 1 165 76
5 1 0 1 1 165 64
6 1 0 1 1 165 76
7 1 0 1 1 165 76
8 1 0 1 1 165 42
9 1 0 1 1 165 76
10 1 0 1 1 165 -128
0 1 0 2 0 36 72
1 1 0 2 0 36 62
2 1 0 2 0 36 62
4 1 0 2 0 36 62
5 1 0 2 0 36 76
6 1 0 2 0 36 62
7 1 0 2 0 36 64
8 1 0 2 0 36 54
9 1 0 2 0 36 62
10 1 0 2 0 36 62
0 1 0 2 0 40 76
1 1 0 2 0 40 62
2 1 0 2 0 40 62
4 1 0 2 0 40 62
5 1 0 2 0 40 76
6 1 0 2 0 40 62
7 1 0 2 0 40 64
8 1 0 2 0 40 54
9 1 0 2 0 40 62
10 1 0 2 0 40 62
0 1 0 2 0 44 76
1 1 0 2 0 44 62
2 1 0 2 0 44 62
4 1 0 2 0 44 62
5 1 0 2 0 44 76
6 1 0 2 0 44 62
7 1 0 2 0 44 64
8 1 0 2 0 44 54
9 1 0 2 0 44 62
10 1 0 2 0 44 62
0 1 0 2 0 48 76
1 1 0 2 0 48 62
2 1 0 2 0 48 62
4 1 0 2 0 48 62
5 1 0 2 0 48 54
6 1 0 2 0 48 62
7 1 0 2 0 48 64
8 1 0 2 0 48 54
9 1 0 2 0 48 62
10 1 0 2 0 48 62
0 1 0 2 0 52 76
1 1 0 2 0 52 62
2 1 0 2 0 52 62
4 1 0 2 0 52 64
5 1 0 2 0 52 76
6 1 0 2 0 52 62
7 1 0 2 0 52 76
8 1 0 2 0 52 54
9 1 0 2 0 52 76
10 1 0 2 0 52 62
0 1 0 2 0 56 76
1 1 0 2 0 56 62
2 1 0 2 0 56 62
4 1 0 2 0 56 64
5 1 0 2 0 56 76
6 1 0 2 0 56 62
7 1 0 2 0 56 76
8 1 0 2 0 56 54
9 1 0 2 0 56 76
10 1 0 2 0 56 62
0 1 0 2 0 60 76
1 1 0 2 0 60 62
2 1 0 2 0 60 62
4 1 0 2 0 60 64
5 1 0 2 0 60 76
6 1 0 2 0 60 62
7 1 0 2 0 60 76
8 1 0 2 0 60 54
9 1 0 2 0 60 76
10 1 0 2 0 60 62
0 1 0 2 0 64 72
1 1 0 2 0 64 62
2 1 0 2 0 64 60
4 1 0 2 0 64 64
5 1 0 2 0 64 74
6 1 0 2 0 64 62
7 1 0 2 0 64 74
8 1 0 2 0 64 54
9 1 0 2 0 64 74
10 1 0 2 0 64 62
0 1 0 2 0 100 70
1 1 0 2 0 100 62
2 1 0 2 0 100 76
4 1 0 2 0 100 70
5 1 0 2 0 100 76
6 1 0 2 0 100 62
7 1 0 2 0 100 70
8 1 0 2 0 100 54
9 1 0 2 0 100 70
10 1 0 2 0 100 127
0 1 0 2 0 104 76
1 1 0 2 0 104 62
2 1 0 2 0 104 76
4 1 0 2 0 104 76
5 1 0 2 0 104 76
6 1 0 2 0 104 62
7 1 0 2 0 104 76
8 1 0 2 0 104 54
9 1 0 2 0 104 76
10 1 0 2 0 104 127
0 1 0 2 0 108 76
1 1 0 2 0 108 62
2 1 0 2 0 108 76
4 1 0 2 0 108 76
5 1 0 2 0 108 76
6 1 0 2 0 108 62
7 1 0 2 0 108 76
8 1 0 2 0 108 54
9 1 0 2 0 108 76
10 1 0 2 0 108 127
0 1 0 2 0 112 76
1 1 0 2 0 112 62
2 1 0 2 0 112 76
4 1 0 2 0 112 76
5 1 0 2 0 112 76
6 1 0 2 0 112 62
7 1 0 2 0 112 76
8 1 0 2 0 112 54
9 1 0 2 0 112 76
10 1 0 2 0 112 127
0 1 0 2 0 116 76
1 1 0 2 0 116 62
2 1 0 2 0 116 76
4 1 0 2 0 116 76
5 1 0 2 0 116 76
6 1 0 2 0 116 62
7 1 0 2 0 116 76
8 1 0 2 0 116 54
9 1 0 2 0 116 76
10 1 0 2 0 116 127
0 1 0 2 0 120 76
1 1 0 2 0 120 62
2 1 0 2 0 120 76
4 1 0 2 0 120 127
5 1 0 2 0 120 76
6 1 0 2 0 120 127
7 1 0 2 0 120 76
8 1 0 2 0 120 54
9 1 0 2 0 120 76
10 1 0 2 0 120 127
0 1 0 2 0 124 76
1 1 0 2 0 124 62
2 1 0 2 0 124 76
4 1 0 2 0 124 127
5 1 0 2 0 124 76
6 1 0 2 0 124 127
7 1 0 2 0 124 76
8 1 0 2 0 124 54
9 1 0 2 0 124 76
10 1 0 2 0 124 127
0 1 0 2 0 128 76
1 1 0 2 0 128 62
2 1 0 2 0 128 76
4 1 0 2 0 128 127
5 1 0 2 0 128 76
6 1 0 2 0 128 127
7 1 0 2 0 128 76
8 1 0 2 0 128 54
9 1 0 2 0 128 76
10 1 0 2 0 128 127
0 1 0 2 0 132 76
1 1 0 2 0 132 62
2 1 0 2 0 132 76
4 1 0 2 0 132 76
5 1 0 2 0 132 76
6 1 0 2 0 132 62
7 1 0 2 0 132 76
8 1 0 2 0 132 54
9 1 0 2 0 132 76
10 1 0 2 0 132 127
0 1 0 2 0 136 76
1 1 0 2 0 136 62
2 1 0 2 0 136 76
4 1 0 2 0 136 76
5 1 0 2 0 136 76
6 1 0 2 0 136 62
7 1 0 2 0 136 76
8 1 0 2 0 136 54
9 1 0 2 0 136 76
10 1 0 2 0 136 127
0 1 0 2 0 140 70
1 1 0 2 0 140 62
2 1 0 2 0 140 76
4 1 0 2 0 140 70
5 1 0 2 0 140 76
6 1 0 2 0 140 62
7 1 0 2 0 140 70
8 1 0 2 0 140 54
9 1 0 2 0 140 70
10 1 0 2 0 140 127
0 1 0 2 0 144 76
1 1 0 2 0 144 127
2 1 0 2 0 144 127
4 1 0 2 0 144 76
5 1 0 2 0 144 76
6 1 0 2 0 144 127
7 1 0 2 0 144 76
8 1 0 2 0 144 127
9 1 0 2 0 144 76
10 1 0 2 0 144 127
0 1 0 2 0 149 76
1 1 0 2 0 149 -128
2 1 0 2 0 149 127
4 1 0 2 0 149 76
5 1 0 2 0 149 74
6 1 0 2 0 149 76
7 1 0 2 0 149 76
8 1 0 2 0 149 54
9 1 0 2 0 149 76
10 1 0 2 0 149 -128
0 1 0 2 0 153 76
1 1 0 2 0 153 -128
2 1 0 2 0 153 127
4 1 0 2 0 153 76
5 1 0 2 0 153 74
6 1 0 2 0 153 76
7 1 0 2 0 153 76
8 1 0 2 0 153 54
9 1 0 2 0 153 76
10 1 0 2 0 153 -128
0 1 0 2 0 157 76
1 1 0 2 0 157 -128
2 1 0 2 0 157 127
4 1 0 2 0 157 76
5 1 0 2 0 157 74
6 1 0 2 0 157 76
7 1 0 2 0 157 76
8 1 0 2 0 157 54
9 1 0 2 0 157 76
10 1 0 2 0 157 -128
0 1 0 2 0 161 76
1 1 0 2 0 161 -128
2 1 0 2 0 161 127
4 1 0 2 0 161 76
5 1 0 2 0 161 74
6 1 0 2 0 161 76
7 1 0 2 0 161 76
8 1 0 2 0 161 54
9 1 0 2 0 161 76
10 1 0 2 0 161 -128
0 1 0 2 0 165 76
1 1 0 2 0 165 -128
2 1 0 2 0 165 127
4 1 0 2 0 165 76
5 1 0 2 0 165 74
6 1 0 2 0 165 76
7 1 0 2 0 165 76
8 1 0 2 0 165 54
9 1 0 2 0 165 76
10 1 0 2 0 165 -128
0 1 0 2 1 36 68
1 1 0 2 1 36 38
2 1 0 2 1 36 50
4 1 0 2 1 36 38
5 1 0 2 1 36 66
6 1 0 2 1 36 38
7 1 0 2 1 36 52
8 1 0 2 1 36 30
9 1 0 2 1 36 50
10 1 0 2 1 36 38
0 1 0 2 1 40 68
1 1 0 2 1 40 38
2 1 0 2 1 40 50
4 1 0 2 1 40 38
5 1 0 2 1 40 66
6 1 0 2 1 40 38
7 1 0 2 1 40 52
8 1 0 2 1 40 30
9 1 0 2 1 40 50
10 1 0 2 1 40 38
0 1 0 2 1 44 68
1 1 0 2 1 44 38
2 1 0 2 1 44 50
4 1 0 2 1 44 38
5 1 0 2 1 44 66
6 1 0 2 1 44 38
7 1 0 2 1 44 52
8 1 0 2 1 44 30
9 1 0 2 1 44 50
10 1 0 2 1 44 38
0 1 0 2 1 48 68
1 1 0 2 1 48 38
2 1 0 2 1 48 50
4 1 0 2 1 48 38
5 1 0 2 1 48 36
6 1 0 2 1 48 38
7 1 0 2 1 48 52
8 1 0 2 1 48 30
9 1 0 2 1 48 50
10 1 0 2 1 48 38
0 1 0 2 1 52 68
1 1 0 2 1 52 38
2 1 0 2 1 52 50
4 1 0 2 1 52 40
5 1 0 2 1 52 66
6 1 0 2 1 52 38
7 1 0 2 1 52 68
8 1 0 2 1 52 30
9 1 0 2 1 52 68
10 1 0 2 1 52 38
0 1 0 2 1 56 68
1 1 0 2 1 56 38
2 1 0 2 1 56 50
4 1 0 2 1 56 40
5 1 0 2 1 56 66
6 1 0 2 1 56 38
7 1 0 2 1 56 68
8 1 0 2 1 56 30
9 1 0 2 1 56 68
10 1 0 2 1 56 38
0 1 0 2 1 60 66
1 1 0 2 1 60 38
2 1 0 2 1 60 50
4 1 0 2 1 60 40
5 1 0 2 1 60 66
6 1 0 2 1 60 38
7 1 0 2 1 60 66
8 1 0 2 1 60 30
9 1 0 2 1 60 66
10 1 0 2 1 60 38
0 1 0 2 1 64 68
1 1 0 2 1 64 38
2 1 0 2 1 64 50
4 1 0 2 1 64 40
5 1 0 2 1 64 66
6 1 0 2 1 64 38
7 1 0 2 1 64 68
8 1 0 2 1 64 30
9 1 0 2 1 64 68
10 1 0 2 1 64 38
0 1 0 2 1 100 60
1 1 0 2 1 100 38
2 1 0 2 1 100 70
4 1 0 2 1 100 60
5 1 0 2 1 100 64
6 1 0 2 1 100 38
7 1 0 2 1 100 60
8 1 0 2 1 100 30
9 1 0 2 1 100 60
10 1 0 2 1 100 127
0 1 0 2 1 104 68
1 1 0 2 1 104 38
2 1 0 2 1 104 70
4 1 0 2 1 104 68
5 1 0 2 1 104 64
6 1 0 2 1 104 38
7 1 0 2 1 104 68
8 1 0 2 1 104 30
9 1 0 2 1 104 68
10 1 0 2 1 104 127
0 1 0 2 1 108 68
1 1 0 2 1 108 38
2 1 0 2 1 108 70
4 1 0 2 1 108 68
5 1 0 2 1 108 64
6 1 0 2 1 108 38
7 1 0 2 1 108 68
8 1 0 2 1 108 30
9 1 0 2 1 108 68
10 1 0 2 1 108 127
0 1 0 2 1 112 68
1 1 0 2 1 112 38
2 1 0 2 1 112 70
4 1 0 2 1 112 68
5 1 0 2 1 112 64
6 1 0 2 1 112 38
7 1 0 2 1 112 68
8 1 0 2 1 112 30
9 1 0 2 1 112 68
10 1 0 2 1 112 127
0 1 0 2 1 116 68
1 1 0 2 1 116 38
2 1 0 2 1 116 70
4 1 0 2 1 116 68
5 1 0 2 1 116 64
6 1 0 2 1 116 38
7 1 0 2 1 116 68
8 1 0 2 1 116 30
9 1 0 2 1 116 68
10 1 0 2 1 116 127
0 1 0 2 1 120 68
1 1 0 2 1 120 38
2 1 0 2 1 120 70
4 1 0 2 1 120 127
5 1 0 2 1 120 64
6 1 0 2 1 120 127
7 1 0 2 1 120 68
8 1 0 2 1 120 30
9 1 0 2 1 120 68
10 1 0 2 1 120 127
0 1 0 2 1 124 68
1 1 0 2 1 124 38
2 1 0 2 1 124 70
4 1 0 2 1 124 127
5 1 0 2 1 124 64
6 1 0 2 1 124 127
7 1 0 2 1 124 68
8 1 0 2 1 124 30
9 1 0 2 1 124 68
10 1 0 2 1 124 127
0 1 0 2 1 128 68
1 1 0 2 1 128 38
2 1 0 2 1 128 70
4 1 0 2 1 128 127
5 1 0 2 1 128 64
6 1 0 2 1 128 127
7 1 0 2 1 128 68
8 1 0 2 1 128 30
9 1 0 2 1 128 68
10 1 0 2 1 128 127
0 1 0 2 1 132 68
1 1 0 2 1 132 38
2 1 0 2 1 132 70
4 1 0 2 1 132 68
5 1 0 2 1 132 64
6 1 0 2 1 132 38
7 1 0 2 1 132 68
8 1 0 2 1 132 30
9 1 0 2 1 132 68
10 1 0 2 1 132 127
0 1 0 2 1 136 68
1 1 0 2 1 136 38
2 1 0 2 1 136 70
4 1 0 2 1 136 68
5 1 0 2 1 136 64
6 1 0 2 1 136 38
7 1 0 2 1 136 68
8 1 0 2 1 136 30
9 1 0 2 1 136 68
10 1 0 2 1 136 127
0 1 0 2 1 140 60
1 1 0 2 1 140 38
2 1 0 2 1 140 70
4 1 0 2 1 140 60
5 1 0 2 1 140 64
6 1 0 2 1 140 38
7 1 0 2 1 140 60
8 1 0 2 1 140 30
9 1 0 2 1 140 60
10 1 0 2 1 140 127
0 1 0 2 1 144 68
1 1 0 2 1 144 127
2 1 0 2 1 144 127
4 1 0 2 1 144 68
5 1 0 2 1 144 64
6 1 0 2 1 144 127
7 1 0 2 1 144 68
8 1 0 2 1 144 127
9 1 0 2 1 144 68
10 1 0 2 1 144 127
0 1 0 2 1 149 76
1 1 0 2 1 149 -128
2 1 0 2 1 149 127
4 1 0 2 1 149 76
5 1 0 2 1 149 60
6 1 0 2 1 149 76
7 1 0 2 1 149 76
8 1 0 2 1 149 30
9 1 0 2 1 149 72
10 1 0 2 1 149 -128
0 1 0 2 1 153 76
1 1 0 2 1 153 -128
2 1 0 2 1 153 127
4 1 0 2 1 153 76
5 1 0 2 1 153 60
6 1 0 2 1 153 76
7 1 0 2 1 153 76
8 1 0 2 1 153 30
9 1 0 2 1 153 76
10 1 0 2 1 153 -128
0 1 0 2 1 157 76
1 1 0 2 1 157 -128
2 1 0 2 1 157 127
4 1 0 2 1 157 76
5 1 0 2 1 157 60
6 1 0 2 1 157 76
7 1 0 2 1 157 76
8 1 0 2 1 157 30
9 1 0 2 1 157 76
10 1 0 2 1 157 -128
0 1 0 2 1 161 76
1 1 0 2 1 161 -128
2 1 0 2 1 161 127
4 1 0 2 1 161 76
5 1 0 2 1 161 60
6 1 0 2 1 161 76
7 1 0 2 1 161 76
8 1 0 2 1 161 30
9 1 0 2 1 161 76
10 1 0 2 1 161 -128
0 1 0 2 1 165 76
1 1 0 2 1 165 -128
2 1 0 2 1 165 127
4 1 0 2 1 165 76
5 1 0 2 1 165 60
6 1 0 2 1 165 76
7 1 0 2 1 165 76
8 1 0 2 1 165 30
9 1 0 2 1 165 76
10 1 0 2 1 165 -128
0 1 1 2 0 38 58
1 1 1 2 0 38 64
2 1 1 2 0 38 62
4 1 1 2 0 38 64
5 1 1 2 0 38 72
6 1 1 2 0 38 64
7 1 1 2 0 38 64
8 1 1 2 0 38 54
9 1 1 2 0 38 62
10 1 1 2 0 38 64
0 1 1 2 0 46 72
1 1 1 2 0 46 64
2 1 1 2 0 46 62
4 1 1 2 0 46 64
5 1 1 2 0 46 60
6 1 1 2 0 46 64
7 1 1 2 0 46 64
8 1 1 2 0 46 54
9 1 1 2 0 46 62
10 1 1 2 0 46 64
0 1 1 2 0 54 72
1 1 1 2 0 54 64
2 1 1 2 0 54 62
4 1 1 2 0 54 64
5 1 1 2 0 54 72
6 1 1 2 0 54 64
7 1 1 2 0 54 72
8 1 1 2 0 54 54
9 1 1 2 0 54 72
10 1 1 2 0 54 64
0 1 1 2 0 62 58
1 1 1 2 0 62 64
2 1 1 2 0 62 62
4 1 1 2 0 62 64
5 1 1 2 0 62 70
6 1 1 2 0 62 64
7 1 1 2 0 62 64
8 1 1 2 0 62 54
9 1 1 2 0 62 64
10 1 1 2 0 62 64
0 1 1 2 0 102 58
1 1 1 2 0 102 64
2 1 1 2 0 102 72
4 1 1 2 0 102 58
5 1 1 2 0 102 72
6 1 1 2 0 102 64
7 1 1 2 0 102 58
8 1 1 2 0 102 54
9 1 1 2 0 102 58
10 1 1 2 0 102 127
0 1 1 2 0 110 72
1 1 1 2 0 110 64
2 1 1 2 0 110 72
4 1 1 2 0 110 72
5 1 1 2 0 110 72
6 1 1 2 0 110 64
7 1 1 2 0 110 72
8 1 1 2 0 110 54
9 1 1 2 0 110 72
10 1 1 2 0 110 127
0 1 1 2 0 118 72
1 1 1 2 0 118 64
2 1 1 2 0 118 72
4 1 1 2 0 118 127
5 1 1 2 0 118 72
6 1 1 2 0 118 127
7 1 1 2 0 118 72
8 1 1 2 0 118 54
9 1 1 2 0 118 72
10 1 1 2 0 118 127
0 1 1 2 0 126 72
1 1 1 2 0 126 64
2 1 1 2 0 126 72
4 1 1 2 0 126 127
5 1 1 2 0 126 72
6 1 1 2 0 126 127
7 1 1 2 0 126 72
8 1 1 2 0 126 54
9 1 1 2 0 126 72
10 1 1 2 0 126 127
0 1 1 2 0 134 72
1 1 1 2 0 134 64
2 1 1 2 0 134 72
4 1 1 2 0 134 72
5 1 1 2 0 134 72
6 1 1 2 0 134 64
7 1 1 2 0 134 72
8 1 1 2 0 134 54
9 1 1 2 0 134 72
10 1 1 2 0 134 127
0 1 1 2 0 142 72
1 1 1 2 0 142 127
2 1 1 2 0 142 127
4 1 1 2 0 142 72
5 1 1 2 0 142 72
6 1 1 2 0 142 127
7 1 1 2 0 142 72
8 1 1 2 0 142 127
9 1 1 2 0 142 72
10 1 1 2 0 142 127
0 1 1 2 0 151 72
1 1 1 2 0 151 -128
2 1 1 2 0 151 127
4 1 1 2 0 151 72
5 1 1 2 0 151 72
6 1 1 2 0 151 72
7 1 1 2 0 151 72
8 1 1 2 0 151 54
9 1 1 2 0 151 72
10 1 1 2 0 151 -128
0 1 1 2 0 159 72
1 1 1 2 0 159 -128
2 1 1 2 0 159 127
4 1 1 2 0 159 72
5 1 1 2 0 159 72
6 1 1 2 0 159 72
7 1 1 2 0 159 72
8 1 1 2 0 159 54
9 1 1 2 0 159 72
10 1 1 2 0 159 -128
0 1 1 2 1 38 58
1 1 1 2 1 38 40
2 1 1 2 1 38 50
4 1 1 2 1 38 40
5 1 1 2 1 38 62
6 1 1 2 1 38 40
7 1 1 2 1 38 52
8 1 1 2 1 38 30
9 1 1 2 1 38 50
10 1 1 2 1 38 40
0 1 1 2 1 46 68
1 1 1 2 1 46 40
2 1 1 2 1 46 50
4 1 1 2 1 46 40
5 1 1 2 1 46 46
6 1 1 2 1 46 40
7 1 1 2 1 46 52
8 1 1 2 1 46 30
9 1 1 2 1 46 50
10 1 1 2 1 46 40
0 1 1 2 1 54 68
1 1 1 2 1 54 40
2 1 1 2 1 54 50
4 1 1 2 1 54 40
5 1 1 2 1 54 62
6 1 1 2 1 54 40
7 1 1 2 1 54 68
8 1 1 2 1 54 30
9 1 1 2 1 54 68
10 1 1 2 1 54 40
0 1 1 2 1 62 58
1 1 1 2 1 62 40
2 1 1 2 1 62 48
4 1 1 2 1 62 40
5 1 1 2 1 62 58
6 1 1 2 1 62 40
7 1 1 2 1 62 58
8 1 1 2 1 62 30
9 1 1 2 1 62 58
10 1 1 2 1 62 40
0 1 1 2 1 102 54
1 1 1 2 1 102 40
2 1 1 2 1 102 70
4 1 1 2 1 102 54
5 1 1 2 1 102 64
6 1 1 2 1 102 40
7 1 1 2 1 102 54
8 1 1 2 1 102 30
9 1 1 2 1 102 54
10 1 1 2 1 102 127
0 1 1 2 1 110 68
1 1 1 2 1 110 40
2 1 1 2 1 110 70
4 1 1 2 1 110 68
5 1 1 2 1 110 64
6 1 1 2 1 110 40
7 1 1 2 1 110 68
8 1 1 2 1 110 30
9 1 1 2 1 110 68
10 1 1 2 1 110 127
0 1 1 2 1 118 68
1 1 1 2 1 118 40
2 1 1 2 1 118 70
4 1 1 2 1 118 127
5 1 1 2 1 118 64
6 1 1 2 1 118 127
7 1 1 2 1 118 68
8 1 1 2 1 118 30
9 1 1 2 1 118 68
10 1 1 2 1 118 127
0 1 1 2 1 126 68
1 1 1 2 1 126 40
2 1 1 2 1 126 70
4 1 1 2 1 126 127
5 1 1 2 1 126 64
6 1 1 2 1 126 127
7 1 1 2 1 126 68
8 1 1 2 1 126 30
9 1 1 2 1 126 68
10 1 1 2 1 126 127
0 1 1 2 1 134 68
1 1 1 2 1 134 40
2 1 1 2 1 134 70
4 1 1 2 1 134 68
5 1 1 2 1 134 64
6 1 1 2 1 134 40
7 1 1 2 1 134 68
8 1 1 2 1 134 30
9 1 1 2 1 134 68
10 1 1 2 1 134 127
0 1 1 2 1 142 68
1 1 1 2 1 142 127
2 1 1 2 1 142 127
4 1 1 2 1 142 68
5 1 1 2 1 142 64
6 1 1 2 1 142 127
7 1 1 2 1 142 68
8 1 1 2 1 142 127
9 1 1 2 1 142 68
10 1 1 2 1 142 127
0 1 1 2 1 151 72
1 1 1 2 1 151 -128
2 1 1 2 1 151 127
4 1 1 2 1 151 72
5 1 1 2 1 151 66
6 1 1 2 1 151 72
7 1 1 2 1 151 72
8 1 1 2 1 151 30
9 1 1 2 1 151 68
10 1 1 2 1 151 -128
0 1 1 2 1 159 72
1 1 1 2 1 159 -128
2 1 1 2 1 159 127
4 1 1 2 1 159 72
5 1 1 2 1 159 66
6 1 1 2 1 159 72
7 1 1 2 1 159 72
8 1 1 2 1 159 30
9 1 1 2 1 159 72
10 1 1 2 1 159 -128
0 1 2 3 0 42 56
1 1 2 3 0 42 64
2 1 2 3 0 42 64
4 1 2 3 0 42 64
5 1 2 3 0 42 68
6 1 2 3 0 42 64
7 1 2 3 0 42 64
8 1 2 3 0 42 54
9 1 2 3 0 42 62
10 1 2 3 0 42 64
0 1 2 3 0 58 58
1 1 2 3 0 58 64
2 1 2 3 0 58 64
4 1 2 3 0 58 62
5 1 2 3 0 58 64
6 1 2 3 0 58 64
7 1 2 3 0 58 62
8 1 2 3 0 58 54
9 1 2 3 0 58 62
10 1 2 3 0 58 64
0 1 2 3 0 106 58
1 1 2 3 0 106 64
2 1 2 3 0 106 72
4 1 2 3 0 106 58
5 1 2 3 0 106 66
6 1 2 3 0 106 64
7 1 2 3 0 106 58
8 1 2 3 0 106 54
9 1 2 3 0 106 58
10 1 2 3 0 106 127
0 1 2 3 0 122 72
1 1 2 3 0 122 64
2 1 2 3 0 122 72
4 1 2 3 0 122 127
5 1 2 3 0 122 68
6 1 2 3 0 122 127
7 1 2 3 0 122 72
8 1 2 3 0 122 54
9 1 2 3 0 122 72
10 1 2 3 0 122 127
0 1 2 3 0 138 72
1 1 2 3 0 138 127
2 1 2 3 0 138 127
4 1 2 3 0 138 72
5 1 2 3 0 138 68
6 1 2 3 0 138 127
7 1 2 3 0 138 72
8 1 2 3 0 138 127
9 1 2 3 0 138 72
10 1 2 3 0 138 127
0 1 2 3 0 155 72
1 1 2 3 0 155 -128
2 1 2 3 0 155 127
4 1 2 3 0 155 72
5 1 2 3 0 155 68
6 1 2 3 0 155 72
7 1 2 3 0 155 72
8 1 2 3 0 155 54
9 1 2 3 0 155 68
10 1 2 3 0 155 -128
0 1 2 3 1 42 50
1 1 2 3 1 42 40
2 1 2 3 1 42 50
4 1 2 3 1 42 40
5 1 2 3 1 42 58
6 1 2 3 1 42 40
7 1 2 3 1 42 52
8 1 2 3 1 42 30
9 1 2 3 1 42 50
10 1 2 3 1 42 40
0 1 2 3 1 58 52
1 1 2 3 1 58 40
2 1 2 3 1 58 50
4 1 2 3 1 58 40
5 1 2 3 1 58 56
6 1 2 3 1 58 40
7 1 2 3 1 58 52
8 1 2 3 1 58 30
9 1 2 3 1 58 52
10 1 2 3 1 58 40
0 1 2 3 1 106 50
1 1 2 3 1 106 40
2 1 2 3 1 106 72
4 1 2 3 1 106 50
5 1 2 3 1 106 56
6 1 2 3 1 106 40
7 1 2 3 1 106 50
8 1 2 3 1 106 30
9 1 2 3 1 106 50
10 1 2 3 1 106 127
0 1 2 3 1 122 66
1 1 2 3 1 122 40
2 1 2 3 1 122 72
4 1 2 3 1 122 127
5 1 2 3 1 122 56
6 1 2 3 1 122 127
7 1 2 3 1 122 66
8 1 2 3 1 122 30
9 1 2 3 1 122 66
10 1 2 3 1 122 127
0 1 2 3 1 138 66
1 1 2 3 1 138 127
2 1 2 3 1 138 127
4 1 2 3 1 138 66
5 1 2 3 1 138 58
6 1 2 3 1 138 127
7 1 2 3 1 138 66
8 1 2 3 1 138 127
9 1 2 3 1 138 66
10 1 2 3 1 138 127
0 1 2 3 1 155 62
1 1 2 3 1 155 -128
2 1 2 3 1 155 127
4 1 2 3 1 155 62
5 1 2 3 1 155 58
6 1 2 3 1 155 72
7 1 2 3 1 155 62
8 1 2 3 1 155 30
9 1 2 3 1 155 62
10 1 2 3 1 155 -128
